{
  "authorizationForm.ui": 1590416924.629393,
  "librarianForm.ui": 1590997550.7869,
  "customerForm.ui": 1591025683.462837
}