{
  "authorizationForm.ui": 1591084699.8787,
  "librarianForm.ui": 1591084699.8997223,
  "customerForm.ui": 1591362567.7370422,
  "processingForm.ui": 1591357465.7050605
}