{
  "authorizationForm.ui": 1591084699.8787,
  "librarianForm.ui": 1591084699.8997223,
  "customerForm.ui": 1591282905.1412003
}