{
  "authorizationForm.ui": 1591084699.8787,
  "librarianForm.ui": 1591084699.8997223,
  "customerForm.ui": 1591299911.5984836,
  "processingForm.ui": 1591298092.6730428
}