{
  "authorizationForm.ui": 1591084699.8787,
  "librarianForm.ui": 1591084699.8997223,
  "customerForm.ui": 1591346910.8405986,
  "processingForm.ui": 1591340828.220711
}